25.8,0.0,49.147,1000.79,14.67
25.2,0.59,48.581,1001.691,15.187
25.1,0.0,47.998,1002.233,14.365
25.3,0.0,47.502,1002.716,14.498
26.2,0.0,46.605,1002.347,15.211
26.1,0.0,47.428,1002.03,15.717
25.7,0.911,48.077,1002.357,16.074
25.3,1.426,48.886,1001.727,16.278
25.7,1.473,49.822,1001.479,15.877
25.5,0.617,50.516,1002.027,15.248
26.4,0.0,51.417,1002.994,15.649
27.0,0.0,51.25,1003.665,14.992
26.3,0.573,51.078,1003.815,15.5
26.3,1.139,50.459,1003.092,16.077
26.5,0.211,50.306,1003.345,15.222
26.0,0.0,50.131,1003.906,15.067
26.0,0.0,49.275,1003.539,14.18
26.5,0.973,49.575,1003.62,14.067
26.8,1.038,49.819,1003.607,14.345
26.5,1.672,49.198,1004.332,14.167
27.1,0.992,49.645,1004.773,13.747
27.5,1.304,49.288,1005.132,12.963
28.4,0.94,48.849,1006.13,12.187
27.8,1.897,48.306,1005.403,12.978
28.5,2.569,47.712,1004.611,12.216
27.7,1.874,48.464,1003.889,11.677
28.6,2.448,48.002,1003.704,11.733
27.7,1.593,48.427,1004.114,10.859
25.8,0.0,50.841,1000.737,15.359
26.5,0.314,49.978,1001.338,16.313
25.5,0.0,48.979,1001.298,15.88
25.3,0.987,49.697,1000.771,14.928
24.3,1.931,49.898,1000.322,15.865
25.0,2.594,50.284,1000.827,15.69
25.6,2.097,49.446,1000.297,15.141
26.3,1.543,50.367,1000.695,15.174
26.1,1.645,50.457,1000.383,14.299
26.0,1.171,50.167,1001.048,14.166
25.7,0.961,49.897,1000.76,13.366
25.1,0.63,50.737,1000.613,13.96
25.2,0.0,51.147,999.792,14.059
26.0,0.733,50.855,1000.678,13.397
25.4,0.519,50.422,1001.057,13.28
24.9,0.0,51.215,1000.778,13.088
25.4,0.097,51.616,1000.03,13.288
25.3,0.086,52.244,1000.162,13.848
24.4,0.028,52.687,999.887,12.938
24.4,0.0,53.504,1000.806,12.576
24.3,0.169,53.318,1001.79,12.647
24.2,0.533,52.656,1002.098,13.134
24.8,0.681,52.593,1002.443,12.961
25.7,0.319,53.192,1001.981,12.489
26.4,0.0,52.857,1001.819,11.767
26.6,0.0,52.448,1001.053,11.474
26.7,0.0,52.302,1000.221,10.515
27.2,0.0,52.222,1001.123,11.058
26.3,0.0,51.596,1001.219,10.183
26.9,0.0,52.265,1001.211,10.293
26.0,0.0,52.888,1000.267,9.694
26.7,0.145,53.84,999.331,10.454
27.5,0.854,53.908,1000.305,10.266
27.3,0.506,54.794,1000.758,9.69
26.9,1.049,54.815,1001.334,9.158
27.1,0.193,55.77,1000.98,9.029
27.6,0.0,55.536,1000.665,8.308
27.8,0.035,56.039,1000.647,8.266
27.5,0.0,56.201,999.998,7.319
26.6,0.0,55.623,1000.57,8.11
25.7,0.414,55.163,1001.117,8.971
25.3,1.175,54.665,1000.912,9.447
24.8,1.42,54.666,1000.825,9.351
25.3,1.555,54.309,1001.518,9.564
25.5,2.096,54.83,1000.704,10.17
25.7,1.436,53.984,1000.89,9.384
26.4,1.037,54.521,1001.767,9.85
26.7,0.247,54.25,1001.616,8.9
27.0,0.0,54.149,1002.244,9.136
26.1,0.0,54.15,1002.727,8.702
25.7,0.0,53.22,1002.669,9.383
24.7,0.0,54.025,1002.196,9.261
25.5,0.672,53.575,1001.555,8.803
26.2,0.106,53.748,1001.196,8.243
27.0,0.0,54.298,1002.142,8.668
25.1,0.0,50.947,999.304,15.726
25.8,0.438,50.319,999.22,14.79
25.2,0.0,50.526,999.628,15.441
25.6,0.0,51.184,999.128,16.305
25.4,0.586,50.832,999.59,15.425
25.2,1.097,49.87,999.173,15.299
24.8,0.242,49.261,998.565,15.959
25.0,0.131,49.635,998.313,15.251
24.7,0.16,49.001,999.146,14.596
25.4,0.0,48.889,998.963,15.022
25.1,0.0,49.147,999.673,14.894
25.1,0.771,48.517,1000.38,15.449
24.2,0.993,47.899,1000.386,15.228
24.2,1.695,47.397,1000.693,14.878
24.4,2.678,47.78,1000.733,15.38
25.2,2.147,47.912,999.775,15.886
24.5,1.275,47.434,998.79,15.964
24.0,0.51,47.489,999.373,16.279
23.3,0.652,47.352,999.412,16.901
23.1,1.241,48.33,998.778,16.911
24.1,0.3,47.92,999.432,17.8
23.8,0.045,48.268,1000.005,16.874
23.3,0.0,48.219,1000.948,17.548
26.0,0.367,49.89,999.747,14.593,1619620336
26.3,0.0,50.81,1000.024,13.925,1619620336
26.6,0.0,50.131,1000.592,14.875,1619620336
26.8,0.0,50.434,1000.864,14.295,1619620336
27.4,0.481,51.209,1000.986,14.607,1619620336
26.5,0.0,51.655,1000.888,13.921,1619620336
27.3,0.169,52.149,1000.328,14.667,1619620336
27.7,0.426,51.363,999.395,15.408,1619620336
27.4,0.611,50.527,999.492,15.867,1619620336
27.8,0.786,50.485,999.386,16.377,1619620336
27.2,1.557,49.659,999.263,15.691,1619620336
28.2,1.784,48.75,998.402,16.667,1619620336
29.0,1.189,48.669,999.36,16.026,1619620336
29.7,1.882,49.148,999.9,16.941,1619620336
29.0,2.394,48.643,999.538,16.524,1619620336
28.6,2.733,47.689,1000.38,16.894,1619620336
29.3,2.062,47.948,1000.568,16.979,1619620336
28.9,1.981,47.423,1000.297,17.924,1619620336
28.3,1.94,46.463,999.471,17.987,1619620336
29.1,2.572,46.975,1000.373,18.578,1619620336
28.8,3.54,47.923,1000.707,17.846,1619620336
28.6,4.332,47.455,1000.418,18.28,1619620336
25.5,0.0,50.781,1000.019,15.016,1619620465
26.5,0.518,51.317,999.953,15.83,1619620465
26.0,0.992,51.48,1000.345,15.495,1619620465
25.4,1.417,52.037,1000.458,16.32,1619620465
25.2,1.203,51.265,1000.573,15.529,1619620465
26.0,0.518,50.999,1000.458,15.452,1619620465
26.2,0.0,50.441,1000.219,15.388,1619620465
26.2,0.0,49.878,1000.615,14.391,1619620465
26.2,0.0,49.74,999.301,15.557,1619624024
26.2,0.673,49.412,1000.134,14.806,1619624029
25.3,0.0,49.167,999.916,14.689,1619624034
25.7,0.521,48.385,1000.659,14.726,1619624039
25.8,0.0,48.151,1000.783,14.983,1619624044
24.7,0.235,49.402,999.882,15.498,1619624898
25.0,0.0,48.586,998.958,16.284,1619624903
25.0,0.0,48.479,999.327,16.713,1619624908
24.9,0.516,49.263,998.503,17.215,1619624913
25.8,0.524,50.136,997.814,16.323,1619624918
25.4,0.818,50.185,996.845,17.193,1619624923
26.3,0.046,49.608,996.558,16.546,1619624928
26.9,0.0,49.092,997.525,16.68,1619624933
26.4,0.917,50.058,998.087,17.266,1619624938
25.5,1.8,49.635,998.267,18.063,1619624943
25.8,1.046,50.044,997.846,18.592,1619624948
25.7,1.984,49.325,997.081,18.345,1619624953
25.3,2.403,48.591,997.843,19.293,1619624958
24.4,3.333,48.27,997.958,18.435,1619624963
25.0,2.942,49.143,997.955,18.474,1619624968
24.9,3.584,49.162,997.118,17.587,1619624973
24.9,2.62,49.726,996.924,16.673,1619624978
25.7,3.478,50.608,997.074,17.583,1619624983
26.6,2.563,50.856,996.305,18.125,1619624988
27.5,2.465,50.223,996.799,18.905,1619624993
26.8,2.325,49.498,996.476,17.998,1619624998
26.9,2.2,48.767,997.094,17.126,1619625003
26.4,1.294,48.157,996.755,17.632,1619625008
26.1,1.533,48.446,997.012,18.335,1619625013
26.0,2.025,48.023,996.278,18.788,1619625018
26.2,2.209,47.894,997.109,18.842,1619625023
26.3,2.704,47.902,996.311,19.536,1619625028
27.2,2.244,48.338,995.623,19.295,1619625033
27.8,1.255,48.448,996.541,19.417,1619625038
27.8,1.789,48.491,996.051,19.841,1619625043
27.2,2.421,49.344,995.845,20.099,1619625048
27.2,1.787,49.341,996.055,20.792,1619625053
27.7,1.891,50.161,996.648,21.694,1619625058
28.2,1.727,50.951,997.161,22.271,1619625063
29.2,1.157,51.713,996.217,21.78,1619625068
29.3,0.226,51.082,996.161,21.228,1619625073
29.0,0.874,50.43,996.814,21.138,1619625078
29.0,1.371,49.66,997.773,21.811,1619625083
29.3,1.52,48.666,997.585,21.276,1619625088
28.4,1.671,49.245,997.03,21.246,1619625093
27.4,0.773,48.553,998.012,21.612,1619625098
27.2,1.532,48.836,997.441,21.791,1619625103
26.2,0.76,48.907,998.136,22.484,1619625108
25.5,0.147,49.774,997.399,23.333,1619625113
26.1,0.482,50.362,997.952,23.588,1619625118
25.6,0.0,49.543,998.516,24.583,1619625123
25.1,0.623,49.249,998.137,23.665,1619625128
25.7,1.239,48.876,997.407,22.944,1619625133
24.9,0.362,47.973,996.54,22.186,1619625138
24.8,0.756,48.717,995.655,22.081,1619625143
24.8,0.847,49.423,995.502,22.947,1619625148
24.4,1.14,49.808,995.211,23.558,1619625153
24.3,1.468,49.46,994.773,24.176,1619625158
24.2,1.389,50.065,994.996,24.59,1619625163
24.2,2.209,49.712,995.109,24.323,1619625168
23.6,1.805,50.613,995.316,24.753,1619625173
23.1,2.315,49.927,994.925,25.163,1619625178
24.1,2.933,50.022,995.51,24.891,1619625183
24.0,2.056,50.693,995.478,25.266,1619625188
24.5,1.95,51.678,995.971,25.346,1619625193
24.8,1.449,52.203,995.018,24.511,1619625198
25.3,1.456,52.288,994.822,25.33,1619625203
25.7,2.032,51.976,994.509,24.845,1619625208
24.7,2.408,51.543,994.047,24.551,1619625213
25.4,1.765,52.172,993.847,24.21,1619625218
25.9,2.765,51.825,994.549,23.691,1619625223
26.6,1.911,52.087,995.213,24.331,1619625228
26.9,1.636,52.486,995.496,25.133,1619625233
26.0,1.324,52.054,996.038,24.246,1619625238
27.0,1.557,51.949,996.366,24.016,1619625243
26.5,2.116,52.7,996.424,24.834,1619625248
27.2,1.977,52.788,997.178,24.04,1619625253
26.9,1.926,52.444,997.855,24.062,1619625258
26.0,1.929,52.175,997.594,24.914,1619625263
25.9,1.698,52.831,998.103,25.171,1619625268
26.8,2.537,52.367,997.637,25.178,1619625273
26.2,1.993,52.254,998.574,26.029,1619625278
25.9,2.23,52.823,997.844,25.808,1619625283
25.0,2.513,53.32,997.716,24.823,1619625288
25.7,3.056,53.204,997.844,24.96,1619625293
26.5,2.26,52.219,998.489,24.845,1619625298
26.2,3.001,52.418,998.967,24.715,1619625303
26.2,2.301,52.781,998.511,23.783,1619625308
26.0,3.027,52.447,998.013,22.807,1619625313
25.9,3.649,51.6,998.201,21.905,1619625318
25.0,4.424,52.113,998.532,21.815,1619625323
26.0,3.514,51.695,998.207,22.372,1619625328
25.3,2.655,51.074,997.611,23.09,1619625333
25.2,3.445,50.581,997.058,23.355,1619625338
24.3,3.51,51.536,996.177,22.541,1619625343
24.7,2.714,52.059,996.535,23.363,1619625348
25.6,2.014,52.245,996.959,24.329,1619625353
25.4,1.961,51.664,997.343,23.34,1619625358
25.3,1.005,52.554,997.496,22.855,1619625363
24.5,1.164,51.588,996.866,22.157,1619625368
25.3,0.78,51.057,997.717,21.233,1619625373
24.9,1.346,51.111,997.516,21.386,1619625378
24.5,2.25,50.652,997.192,21.073,1619625383
24.0,1.599,51.498,997.945,21.855,1619625388
23.1,0.725,51.77,997.993,21.901,1619625393
22.8,1.643,51.576,997.16,22.141,1619625398
23.1,0.825,51.884,997.707,22.114,1619625403
22.9,1.659,52.027,997.405,21.493,1619625408
22.2,2.382,51.518,997.313,20.708,1619625413
23.2,2.339,50.543,998.103,21.422,1619625419
26.1,0.182,49.834,999.961,14.096,1619626601
25.9,0.544,49.028,999.004,13.944,1619626606
26.0,0.989,49.753,998.266,13.322,1619626611
25.6,0.807,49.9,998.869,12.832,1619626616
26.4,0.512,50.786,998.335,13.093,1619626621
26.1,1.168,51.544,998.072,13.1,1619626626
26.7,0.576,51.533,998.132,13.599,1619626631
26.4,0.786,50.902,998.459,13.309,1619626636
26.6,1.696,51.826,998.01,13.675,1619626641
26.7,1.898,51.911,998.41,14.276,1619626646
27.1,2.702,52.406,999.316,14.433,1619626651
26.4,0.113,50.607,1000.265,15.105,1619626666
25.5,0.0,49.634,999.442,15.921,1619626671
24.5,0.0,50.161,999.021,15.694,1619626676
24.6,0.777,49.41,999.843,16.478,1619626681
25.4,0.392,49.298,1000.645,16.727,1619626686
25.6,0.309,49.528,1000.352,16.486,1619626691
25.2,0.0,49.555,999.83,15.811,1619626696
25.1,0.0,48.658,1000.058,15.603,1619626701
24.6,0.126,49.583,999.413,16.541,1619626706
23.7,0.0,49.488,998.494,15.955,1619626711
24.2,0.897,50.164,998.277,16.377,1619626716
23.7,0.359,49.305,998.37,16.641,1619626721
25.7,0.521,49.764,1000.673,15.77,1619626752
26.6,1.076,49.917,1001.213,15.25,1619626757
25.9,1.47,49.839,1000.756,14.798,1619626762
25.0,1.295,49.726,1000.162,15.592,1619626767
25.4,0.838,50.508,1000.436,16.345,1619626772
24.5,0.419,50.286,1000.134,15.752,1619626777
25.4,0.0,51.18,1000.362,16.447,1619626782
24.6,0.819,50.952,1000.215,15.866,1619626787
25.0,0.884,51.358,1000.342,16.775,1619626792
25.9,0.507,51.54,999.805,16.171,1619626797
26.7,0.992,51.109,999.361,15.221,1619626802
26.1,1.042,50.548,999.191,14.932,1619626807
25.5,1.192,50.212,998.52,14.037,1619626812
25.9,1.083,49.685,999.407,14.907,1619626817
25.4,1.912,49.366,999.572,14.952,1619626822
25.0,1.747,49.012,1000.214,14.435,1619626827
24.4,1.374,49.961,1000.977,13.975,1619626832
26.5,0.0,49.648,999.404,15.035,1619626842
27.0,0.76,49.048,998.717,14.662,1619626847
27.6,0.0,48.791,997.975,15.376,1619626852
28.5,0.0,49.544,997.627,16.001,1619626857
28.4,0.0,50.431,997.659,15.619,1619626862
27.5,0.0,50.647,998.184,14.962,1619626867
27.5,0.367,50.052,997.793,15.137,1619626872
27.8,0.287,50.905,997.364,15.779,1619626877
28.4,0.0,50.849,998.246,16.003,1619626882
28.2,0.693,50.185,998.896,15.03,1619626887
28.4,0.555,49.714,999.699,14.17,1619626892
27.6,1.482,50.64,999.398,14.271,1619626897
26.6,0.949,50.151,1000.079,14.339,1619626902
26.7,1.685,50.792,1001.017,13.488,1619626907
26.9,2.244,51.494,1001.465,13.147,1619626912
26.6,1.687,52.148,1001.083,13.491,1619626917
27.4,0.855,51.267,1000.27,14.117,1619626922
28.1,1.806,51.702,1000.515,14.756,1619626928
28.6,1.493,50.749,999.83,14.834,1619626933
27.6,0.788,49.781,999.799,14.906,1619626938
27.5,0.786,48.922,998.925,14.894,1619626943
26.9,1.295,49.827,999.118,14.324,1619626948
27.1,1.18,49.606,998.948,14.054,1619626953
27.9,1.981,49.114,999.872,13.455,1619626958
28.8,2.044,48.348,999.301,13.075,1619626963
29.3,1.811,49.01,999.466,13.812,1619626968
30.0,2.745,48.337,999.164,14.46,1619626973
29.9,3.559,47.738,998.541,15.066,1619626978
29.0,3.547,48.028,999.273,15.538,1619626983
29.1,4.481,48.955,999.687,14.57,1619626988
28.6,4.809,49.917,999.363,14.346,1619626993
28.7,4.67,49.376,998.682,15.112,1619626998
28.2,5.322,48.925,999.352,15.552,1619627003
28.0,4.634,49.077,1000.261,15.722,1619627008
27.7,4.334,48.982,999.365,14.787,1619627013
28.6,3.852,48.67,999.689,14.682,1619627018
28.8,4.849,49.34,999.973,14.829,1619627023
29.0,5.01,49.335,1000.518,15.597,1619627028
28.4,5.849,48.622,1000.502,15.543,1619627033
28.4,5.55,48.352,999.642,15.577,1619627038
28.9,5.034,49.054,998.848,16.066,1619627043
29.1,5.521,49.589,999.292,15.372,1619627048
29.9,5.355,50.266,999.307,15.109,1619627053
29.2,5.179,50.435,999.457,14.552,1619627058
29.1,4.661,51.158,998.618,15.489,1619627063
28.9,5.137,52.022,999.139,14.902,1619627068
29.3,5.759,52.168,998.172,14.916,1619627073
30.2,6.526,51.944,997.889,15.867,1619627078
30.9,6.432,51.476,998.522,15.193,1619627083
31.7,7.016,50.781,997.578,14.555,1619627088
30.9,7.664,50.722,996.978,15.373,1619627093
30.4,6.8,50.244,996.231,15.372,1619627098
30.0,7.612,51.202,996.905,14.796,1619627103
29.2,7.227,50.838,996.5,14.348,1619627108
26.5,0.139,49.725,1000.636,14.582,1619627120
27.1,0.0,49.909,1001.062,14.179,1619627125
27.1,0.222,50.213,1001.42,13.319,1619627130
28.0,0.0,50.026,1000.485,12.429,1619627135
27.4,0.826,50.696,999.818,13.428,1619627140
28.3,0.102,49.849,999.996,13.365,1619627145
27.4,0.0,49.812,1000.041,13.42,1619627150
27.8,0.0,49.49,1000.683,13.906,1619627155
27.9,0.317,49.23,1000.721,13.362,1619627160
28.9,0.732,48.42,1001.504,14.166,1619627165
28.0,0.0,49.01,1000.998,13.734,1619627170
28.8,0.0,49.815,1001.053,14.571,1619627175
28.2,0.973,50.154,1001.073,15.093,1619627180
27.7,1.486,50.737,1001.673,15.917,1619627185
28.4,1.679,50.398,1002.195,14.973,1619627190
28.4,1.43,50.732,1003.166,15.386,1619627195
28.3,2.393,50.8,1003.094,14.686,1619627200
27.8,1.703,49.965,1002.728,14.977,1619627205
27.9,1.389,50.027,1002.418,15.036,1619627210
28.5,1.057,49.666,1002.641,15.488,1619627215
27.8,0.719,49.824,1001.759,16.334,1619627220
27.8,0.167,49.3,1002.212,16.038,1619627225
27.4,0.68,49.509,1002.457,16.732,1619627230
28.0,1.368,50.164,1002.355,17.25,1619627235
29.0,1.235,49.565,1001.51,17.434,1619627240
29.4,1.873,49.608,1002.139,17.05,1619627245
29.5,1.502,48.788,1003.082,16.43,1619627250
29.5,2.298,49.323,1003.997,16.046,1619627255
28.7,2.506,48.727,1003.945,17.017,1619627260
29.6,2.697,48.418,1003.112,16.726,1619627265
29.7,1.972,48.519,1003.643,16.883,1619627270
30.1,1.563,48.68,1003.264,17.359,1619627275
29.7,0.892,48.381,1002.54,16.941,1619627280
30.4,0.432,48.318,1003.165,17.628,1619627285
31.2,0.457,47.511,1002.33,17.535,1619627290
30.8,0.319,47.127,1001.825,16.665,1619627295
30.7,0.0,47.171,1000.912,16.603,1619627300
31.1,0.349,48.006,1000.646,15.627,1619627305
31.4,0.0,48.078,1001.108,15.98,1619627310
32.2,0.0,47.123,1001.014,16.727,1619627315
32.7,0.0,47.228,1000.317,17.407,1619627320
31.9,0.395,47.082,1001.248,17.533,1619627325
31.6,0.0,47.247,1002.187,18.449,1619627330
31.7,0.966,46.533,1001.831,19.383,1619627335
31.4,0.446,46.332,1001.24,19.729,1619627340
32.4,0.0,45.369,1000.746,19.446,1619627345
31.9,0.592,44.56,1001.043,19.932,1619627350
32.5,1.323,44.382,1001.273,19.735,1619627355
32.8,0.933,44.907,1001.812,20.243,1619627360
33.0,0.45,45.704,1001.058,19.887,1619627365
34.0,0.0,45.421,1000.358,20.012,1619627370
33.2,0.046,45.743,1000.722,19.288,1619627375
32.3,0.0,45.598,999.929,20.254,1619627380
31.8,0.849,45.288,999.219,20.264,1619627385
31.5,1.732,45.983,998.424,19.438,1619627390
32.3,1.972,45.761,999.224,19.723,1619627395
32.4,2.101,44.874,999.492,20.118,1619627401
33.4,2.928,44.656,999.39,19.726,1619627406
33.6,3.59,44.525,999.16,19.987,1619627411
33.1,3.102,43.913,999.088,20.636,1619627416
32.3,2.691,44.473,999.486,21.13,1619627421
32.6,3.271,44.082,1000.063,20.827,1619627426
32.5,2.378,44.495,999.328,21.058,1619627431
33.3,2.542,44.032,999.941,20.644,1619627436
33.7,2.146,43.061,999.367,20.772,1619627441
34.3,1.971,43.548,999.585,21.555,1619627446
35.0,2.957,43.061,999.054,21.281,1619627451
34.8,3.064,43.928,999.155,21.92,1619627456
35.0,2.778,43.191,998.216,22.861,1619627461
34.6,1.902,43.798,997.94,23.673,1619627466
34.6,1.021,43.891,997.829,23.009,1619627471
35.0,1.05,42.929,997.788,23.608,1619627476
35.0,0.307,42.261,997.194,23.765,1619627481
35.0,0.0,41.596,998.027,23.755,1619627486
35.0,0.64,42.485,997.4,23.512,1619627491
34.5,1.435,41.677,996.401,24.17,1619627496
33.6,2.001,41.312,995.408,23.687,1619627501
33.1,1.129,40.56,996.015,24.236,1619627506
33.4,0.741,40.647,996.183,23.928,1619627511
33.9,0.688,40.157,995.836,22.939,1619627516
32.9,1.663,40.893,996.523,23.074,1619627521
33.9,1.705,40.943,995.547,22.642,1619627526
33.2,2.697,40.779,995.388,23.352,1619627531
33.7,2.051,41.455,995.677,23.626,1619627536
33.0,1.866,40.846,996.591,23.27,1619627541
32.1,2.111,40.984,997.448,22.506,1619627546
32.5,1.661,40.245,998.128,21.583,1619627551
32.8,1.348,41.19,997.376,20.84,1619627556
32.4,0.888,41.119,996.49,19.942,1619627561
33.4,0.042,41.205,997.383,20.022,1619627566
33.8,0.0,41.964,996.476,20.973,1619627571
32.8,0.0,41.558,996.791,20.343,1619627576
33.3,0.0,41.268,996.797,19.641,1619627581
33.5,0.778,42.174,996.538,18.73,1619627586
34.4,1.064,41.616,996.646,17.925,1619627591
33.5,1.443,40.717,996.453,16.977,1619627596
33.3,0.721,41.472,997.278,16.184,1619627601
33.2,0.717,42.337,996.33,16.557,1619627606
32.2,0.0,42.729,995.76,16.624,1619627611
32.1,0.402,42.204,996.384,16.071,1619627616
32.1,0.613,43.156,996.04,15.732,1619627621
31.4,0.853,42.24,996.037,15.34,1619627626
32.3,0.377,41.842,995.653,14.938,1619627631
32.5,1.24,42.376,995.619,15.583,1619627636
32.8,0.814,41.763,995.525,16.538,1619627641
32.5,1.509,42.261,994.878,16.944,1619627646
32.6,1.844,41.852,994.52,16.244,1619627651
31.7,0.909,42.294,995.092,16.594,1619627656
31.2,1.432,41.657,994.743,17.307,1619627661
32.1,2.385,41.57,994.145,17.43,1619627666
32.6,1.62,42.46,994.686,17.135,1619627671
32.1,1.953,41.564,993.848,17.194,1619627676
32.7,1.272,41.724,993.597,18.177,1619627681
33.0,1.669,42.3,994.162,18.48,1619627686
32.5,1.801,41.834,995.116,18.9,1619627691
31.7,2.16,42.638,994.286,18.05,1619627696
32.6,1.827,43.275,994.974,17.689,1619627701
31.9,0.923,43.895,995.131,16.847,1619627706
31.9,0.769,43.544,994.26,17.254,1619627711
32.5,1.177,43.576,994.672,17.185,1619627716
31.8,0.755,44.25,994.884,17.74,1619627721
31.9,0.811,43.388,995.76,17.825,1619627726
31.3,1.218,42.967,995.607,18.44,1619627731
30.7,1.563,42.268,996.123,18.127,1619627736
31.6,1.985,41.277,996.913,18.161,1619627741
31.7,2.063,40.769,996.423,17.95,1619627746
32.4,2.581,40.785,996.969,17.951,1619627751
32.9,2.07,41.723,997.326,17.701,1619627756
33.6,2.827,40.768,996.884,18.154,1619627761
33.1,3.56,41.337,996.162,17.951,1619627766
32.2,2.68,40.81,995.818,17.379,1619627771
32.1,3.428,41.711,995.607,17.628,1619627776
32.7,3.86,42.699,995.948,17.166,1619627781
33.3,4.744,42.006,995.553,16.685,1619627786
34.2,4.551,41.342,995.113,15.806,1619627791
35.0,5.474,41.09,995.497,15.991,1619627796
34.6,5.243,40.149,996.314,16.858,1619627801
34.9,4.486,39.478,997.293,16.076,1619627806
25.6,0.203,50.164,1000.264,14.397,1619629543
25.4,0.0,50.404,1000.929,14.055,1619629548
25.2,0.0,49.629,1000.858,13.977,1619629553
26.0,0.0,49.542,1000.262,13.957,1619629558
26.2,0.0,49.857,1000.702,14.76,1619629563
26.8,0.0,49.438,1000.599,14.659,1619629568
27.4,0.48,48.521,1001.593,14.31,1619629573
26.6,0.0,49.126,1002.013,14.951,1619629578
27.2,0.402,50.03,1002.089,15.439,1619629583
26.6,0.198,49.247,1001.627,15.734,1619629588
27.0,0.06,49.837,1001.504,15.049,1619629593
26.4,0.175,49.41,1001.635,15.335,1619629598
26.3,1.003,50.302,1001.555,15.662,1619629603
26.0,0.589,49.853,1001.529,14.785,1619629608
26.6,0.415,50.813,1002.163,14.647,1619629613
25.9,0.852,50.528,1001.747,14.79,1619629618
25.8,0.254,50.797,1002.364,13.973,1619629623
25.8,0.159,51.667,1002.893,13.634,1619629628
25.5,0.472,52.428,1002.737,12.866,1619629633
24.7,0.401,52.019,1002.97,12.916,1619629638
24.2,0.408,51.826,1003.532,13.175,1619629643
23.3,0.93,50.885,1003.695,14.103,1619629648
23.5,1.393,50.259,1004.172,14.642,1619629653
23.3,1.546,50.681,1004.938,13.968,1619629658
23.8,1.131,49.716,1004.209,13.23,1619629663
23.4,1.129,48.827,1004.859,12.39,1619629668
22.8,0.537,48.349,1005.332,12.192,1619629673
23.1,0.168,48.951,1004.359,12.289,1619629678
22.3,0.0,48.956,1004.702,11.355,1619629683
22.0,0.0,48.667,1004.457,12.26,1619629688
21.6,0.0,48.737,1005.15,11.506,1619629693
20.8,0.201,48.627,1004.819,11.788,1619629698
20.7,0.989,49.341,1005.495,11.056,1619629703
21.7,0.01,49.674,1005.3,10.809,1619629708
21.2,0.76,50.571,1004.536,10.166,1619629713
21.2,1.202,49.683,1005.064,11.084,1619629718
21.7,0.596,50.212,1005.949,10.947,1619629723
20.8,1.02,49.834,1005.188,11.554,1619629728
20.5,1.986,49.489,1005.447,12.07,1619629733
20.1,1.23,49.126,1006.278,12.374,1619629738
19.5,1.573,49.455,1006.667,11.815,1619629743
20.4,0.784,49.627,1007.386,12.603,1619629748
21.2,0.946,50.568,1007.243,12.09,1619629753
21.8,0.423,49.913,1007.58,11.767,1619629758
22.7,0.697,50.201,1007.791,12.193,1619629763
22.6,0.696,50.525,1007.812,12.226,1619629768
22.2,0.617,51.143,1007.472,12.846,1619629773
21.9,1.192,51.219,1007.756,11.905,1619629778
21.9,1.905,50.445,1008.332,11.863,1619629783
22.1,1.07,49.638,1007.798,11.586,1619629788
21.8,0.425,50.128,1007.802,10.739,1619629793
22.3,0.0,49.839,1008.009,11.561,1619629798
22.4,0.0,50.324,1008.634,10.759,1619629803
22.5,0.894,50.472,1008.964,11.363,1619629808
23.5,1.694,50.5,1008.976,10.736,1619629813
23.3,1.631,51.282,1009.388,9.792,1619629818
23.6,1.707,51.602,1008.534,10.566,1619629823
24.3,1.526,51.951,1009.2,10.513,1619629828
24.6,1.63,51.307,1008.241,9.736,1619629833
23.6,1.907,52.302,1009.159,10.469,1619629838
23.2,1.718,52.92,1009.159,10.319,1619629843
23.4,1.597,52.079,1009.125,11.006,1619629848
23.3,2.186,51.828,1008.558,10.869,1619629854
22.7,3.139,51.637,1008.625,11.526,1619629859
23.3,2.924,51.927,1007.681,11.711,1619629864
23.5,3.002,51.771,1006.851,11.441,1619629869
22.8,2.651,51.934,1006.612,11.791,1619629874
21.9,3.5,51.727,1006.22,12.581,1619629879
22.9,3.425,51.399,1007.134,13.428,1619629884
23.8,2.436,50.494,1007.839,12.655,1619629889
24.5,1.651,50.258,1007.056,11.694,1619629894
24.9,1.625,49.602,1007.744,10.744,1619629899
23.9,0.683,48.723,1007.47,10.139,1619629904
24.2,0.578,49.632,1008.129,10.502,1619629909
23.7,0.0,49.191,1007.738,10.79,1619629914
23.0,0.003,48.917,1008.133,11.781,1619629919
22.3,0.0,49.052,1009.048,10.947,1619629924
21.9,0.0,48.607,1008.799,10.365,1619629929
21.9,0.0,49.406,1009.668,11.333,1619629934
22.0,0.352,48.581,1010.068,11.819,1619629939
21.9,1.268,48.693,1010.783,12.403,1619629944
21.4,1.158,47.717,1011.31,13.131,1619629949
21.4,0.278,46.953,1010.644,12.804,1619629954
20.7,1.062,46.763,1011.592,13.114,1619629959
21.1,0.462,46.357,1010.861,13.187,1619629964
20.9,1.016,45.503,1011.169,13.486,1619629969
20.8,0.36,45.273,1011.685,13.604,1619629974
20.3,0.0,46.052,1011.694,13.572,1619629979
20.2,0.0,45.501,1012.443,12.655,1619629984
20.0,0.403,45.054,1012.352,12.456,1619629989
20.8,0.0,44.263,1013.21,12.618,1619629994
20.6,0.0,43.836,1012.267,12.79,1619629999
20.9,0.112,43.078,1011.615,13.222,1619630004
20.5,0.0,42.664,1011.767,13.948,1619630009
19.8,0.0,42.364,1010.872,14.211,1619630014
19.4,0.881,41.575,1010.848,14.452,1619630019
20.2,0.185,40.824,1010.343,13.698,1619630024
20.7,0.0,41.2,1010.989,12.982,1619630029
20.7,0.142,41.347,1010.132,12.731,1619630034
20.3,0.053,40.541,1009.538,13.364,1619630039
20.8,0.0,41.085,1009.237,13.515,1619630044
20.3,0.0,41.391,1009.472,13.248,1619630049
19.4,0.036,41.036,1010.389,12.679,1619630054
19.4,0.443,41.87,1010.799,12.941,1619630059
19.5,0.0,41.247,1011.095,12.157,1619630064
19.1,0.886,40.974,1011.171,12.624,1619630069
19.4,1.266,41.387,1010.898,12.149,1619630074
19.1,0.837,42.215,1010.01,11.3,1619630079
20.1,0.564,42.556,1009.559,11.039,1619630084
19.8,0.577,42.596,1008.608,11.646,1619630089
19.9,0.0,42.933,1009.448,10.727,1619630094
20.5,0.0,42.23,1009.703,10.185,1619630099
20.2,0.858,42.825,1010.25,9.75,1619630104
19.9,1.142,42.54,1010.202,10.201,1619630109
19.8,1.662,42.765,1009.31,9.59,1619630114
19.5,0.771,41.932,1008.47,9.915,1619630119
19.3,0.0,42.101,1008.497,9.77,1619630124
18.7,0.0,42.034,1008.043,9.195,1619630129
17.8,0.733,42.234,1007.196,9.866,1619630134
18.0,1.581,42.012,1006.332,9.165,1619630139
17.9,2.25,42.293,1005.861,8.191,1619630144
18.7,1.81,42.946,1005.128,7.651,1619630149
19.3,1.464,43.505,1005.171,8.331,1619630154
20.1,1.429,43.427,1004.885,8.974,1619630159
